stop_id,stop_code,stop_name,stop_lat,stop_lon,zone_id,location_type
1,,Boulevard 9,43.322473476542896,-1.9830205009480208,1,0
2,,Urbieta 12,43.317930433357354,-1.983490910721436,1,0
3,,Urbieta 58,43.31415211959495,-1.9808533087201161,1,0
4,,Antso Jakituna / Sancho Sabio 12,43.3100759148758,-1.9801569279183358,1,0
5,,Antso Jakituna / Sancho Sabio 28,43.308010251087886,-1.9797475804646159,1,0
6,,Madrid 14,43.30449995876709,-1.9768842027367768,1,0
8,,Toribio Alzaga,43.30505633011982,-1.9736568435090072,1,0
9,,La Salle,43.309900065866145,-1.96758267041768,1,0
601,,Hipika - Kuartelak,43.30684211267283,-1.9659822158771747,1,0
603,,Elizasu,43.315016457889136,-1.934410323891657,1,0
604,,Txapiñenea,43.31503618680662,-1.9345949533613012,1,0
507,,Ategorrieta,43.32202937900745,-1.967623942111444,1,0
512,,Borroto 20,43.30215669485771,-1.9887963511791213,1,0
635,,Berio Arturo Campion,43.30279070196938,-2.0129263276628926,1,0
402,,Barcelona 26,43.311099111805426,-1.9717425229671857,1,0
524,,Garroko zubia,43.317884219588876,-1.9465444125763163,1,0
525,,Gregorio Ordoñez,43.30583236388895,-1.9738410622973774,1,0
405,,Barcelona 10,43.309270050593085,-1.9716130644108427,1,0
410,,Leosiñeta,43.312277335109265,-1.9371216956680188,1,0
411,,Altzako Anbulatorioa,43.31659088875509,-1.9323357089653082,1,0
533,,Zubiaurre 40,43.32014156201337,-1.9570498263393898,1,0
413,,Larratxo 98,43.316588816631516,-1.932113770521845,1,0
539,,Pasai San Pedro 25,43.32205522290819,-1.9399358287155588,1,0
420,,Errondo -J.M. Salaberria,43.30260709050409,-1.9807009865512344,1,0
421,,Puente Zubiaurre zubia,43.31989750649304,-1.9520222989068383,1,0
300,,Baenako Dukea,43.3130572649287,-1.9965445974410414,1,0
301,,Sanserreka,43.31133737688873,-1.9934655144531623,1,0
302,,Sanserreka-Polikiroldegia,43.309339770145755,-1.9936217867361308,1,0
423,,Katalina Eleizegi 1,43.306322358418875,-1.987395669905456,1,0
307,,Izaburu,43.30967134266163,-1.9913968175498304,1,0
430,,Oriamendi,43.299530351902916,-1.9911699667058904,1,0
432,,Aiete 93,43.30197213085844,-1.9903282048150839,1,0
433,,Lugaritz - Euskotren,43.30216910842148,-2.001482715379937,1,0
313,,Lugaritz-Geriatrikoa,43.30268936397054,-1.9991933100481356,1,0
437,,Katalina Eleizegi 25,43.30340327774254,-1.9872098696210823,1,0
566,,Pinu bidea / C. de los Pinos 7,43.30605906628971,-1.998398234902177,1,0
569,,Aiete jauregia / Palacio Aiete II,43.30453817014753,-1.9923447606533085,1,0
328,,Gurutzealde- Heriz 153,43.30783824452201,-2.000033592381267,1,0
208,,Urbieta 6,43.318347423871415,-1.9838045983927168,1,0
329,,Itsasaurre,43.308780497434434,-2.000696314260376,1,0
209,,P.M.Collado,43.3069426292624,-1.9811957173093993,1,0
330,,Seminarioa-Heriz 82,43.310780234596244,-2.002846094712362,1,0
331,,Avanco,43.30856066589406,-2.00439901264047,1,0
332,,Seminarioa,43.31069684115661,-2.0025761816181262,1,0
333,,Itsasaurre-Heriz 112,43.30889872308519,-2.000830011500963,1,0
212,,Errondo-Barkaiztegi,43.305522661436214,-1.9825140529953769,1,0
334,,Gurutzealde-Heriz 128,43.30744539488569,-1.99938653785326,1,0
213,,Lizarra,43.314858799902176,-1.9853918550692569,1,0
335,,Begi Urdinak,43.30729426204609,-1.9975518374848946,1,0
214,,Errondo,43.305963812959654,-1.982506694257841,1,0
336,,Donostizarra,43.30892615171315,-1.9957371090307405,1,0
215,,Errondogaña / Alto Errondo 32,43.300724444529735,-1.9796105266941968,1,0
337,,Portuenea 20 II,43.30991798709989,-1.996916845072434,1,0
216,,Azkaratene,43.301015706661595,-1.9870522457268038,1,0
217,,Mirakruzgaña / Alto Miracruz II,43.32127599543252,-1.9481877424243184,1,0
338,,Portuenea 21,43.309295690037246,-1.9968037750896592,1,0
218,,Bera Bera 133,43.303218511585875,-1.9927980824663187,1,0
219,,Bera Bera 89,43.30498149619061,-1.9946307422731937,1,0
341,,Larramendi,43.31508229179848,-1.9821695792267853,1,0
220,,Bera Bera 85,43.30444822077798,-1.9964519662449205,1,0
100,,Frantziskotarrak,43.317447149165424,-1.974743166886847,1,0
221,,Bera Bera 57,43.302158439856555,-1.9982033687978582,1,0
101,,Mandasko Dukea 3,43.32007062137679,-1.9740947506436202,1,0
222,,Bera Bera 47,43.30150830457147,-1.9969688263148437,1,0
585,,Tranbia 1,43.2973108190125,-1.9545800550804449,1,0
102,,Boulevard 3,43.32262236085037,-1.9825493570703656,1,0
344,,Pio Baroja 15,43.31126782954646,-1.9957971962794434,1,0
223,,Bera Bera 31,43.30055098062689,-1.9945927974678872,1,0
586,,Campo futbol zelaia,43.29735515811008,-1.954505327114407,1,0
103,,Askatasuna  21,43.319493248839976,-1.9820342813894682,1,0
345,,Pío Baroja 5,43.31405423249522,-1.9993397585698809,1,0
224,,Bera Bera 2,43.301540223166604,-1.9913833094693545,1,0
225,,Askatasuna / Libertad 31,43.31899213859109,-1.9833992151383,1,0
104,,Pinudi / Pinares M.16,43.321949115570796,-1.9747167895784277,1,0
588,,Arzakenea,43.2832947077256,-2.0013601114072546,1,0
105,,Euskal Herria / Vasconia,43.32226565885933,-1.9718625226455455,1,0
226,,Aiete 53,43.307357884295286,-1.9924954602277825,1,0
106,,Jai Alai,43.32204215187128,-1.9670440728834566,1,0
227,,Iza,43.30998264528645,-1.9909600981548587,1,0
107,,Erlojua / Reloj,43.32167436789252,-1.9602425075146532,1,0
228,,Aiete 1,43.310772384204554,-1.9896399706818093,1,0
108,,Intxaurrondo Zaharra,43.3213766241865,-1.9532671620596271,1,0
229,,Marianistak,43.3144325122573,-1.9870760327085282,1,0
109,,Mirakruzgaña / Alto Miracruz,43.32124661805608,-1.9498901861144322,1,0
110,,J. Elosegi 111,43.32052031812871,-1.9433786832139528,1,0
353,,Añorgatxiki I,43.28943569108166,-1.9982643077460296,1,0
111,,Herrera Euskotren,43.31997845024585,-1.9383440340079205,1,0
354,,Añorga I,43.285131854259824,-2.0003563351482203,1,0
112,,Herrera 20,43.319430206754014,-1.9365160375037298,1,0
596,,Andoain 17,43.300540115371184,-1.9913135427566593,1,0
113,,Herrera 42,43.319879000147175,-1.9334620578539252,1,0
597,,Pagola,43.299918921649066,-1.9933703560884184,1,0
355,,Karmengo A. M. / V. del Carmen,43.2808030321611,-2.0047531915872936,1,0
114,,Erroteta Behekoa,43.31855527558074,-1.931524373890911,1,0
356,,Errotazar-Amasorrain,43.28004846463178,-2.007033211470558,1,0
599,,Arzakenea II,43.28315409933055,-2.001756817588791,1,0
115,,Santa Barbara,43.31749917942332,-1.9302850055969172,1,0
116,,Nerecan,43.31667981847475,-1.9341469481315305,1,0
358,,Irubide,43.28026952112683,-2.0169878992228454,1,0
117,,San Martzial,43.31410034032296,-1.9346606299217803,1,0
239,,Zumalakarregi 10,43.31472070559854,-2.002448708415358,1,0
118,,Martillun,43.312825544350595,-1.936039329076769,1,0
119,,Larratxo 46,43.31351795571044,-1.9378769446720918,1,0
10,,Loiola 12,43.308723769916675,-1.9669490737623299,1,0
11,,Hipika 12,43.306735079217475,-1.9660949998487884,1,0
13,,Felisa Martin Bravo,43.30394872163172,-1.958707610347185,1,0
15,,Renfe Martutene,43.29901779922953,-1.9561288398353436,1,0
16,,Ibaialde,43.29533791652356,-1.9544782524063309,1,0
17,,Easo 19,43.31711498826945,-1.9839361270466578,1,0
18,,Larrunmendi,43.29405317461053,-1.9538099314599415,1,0
19,,Martutene 53,43.29915160701113,-1.9559909379696512,1,0
360,,Rotonda Belartza biribilgunea,43.280930686710384,-2.0101246972976896,1,0
240,,Antiguoko Anbulatorioa,43.31346427816506,-2.00499718096989,1,0
361,,Belartza,43.28107376172886,-2.015224832379703,1,0
241,,Majisteritza Tol 14,43.31145481944324,-2.0089758571569605,1,0
120,,Larratxo I,43.31218032798133,-1.9392813182222288,1,0
362,,Errekalde,43.27848212146079,-2.0070833338934673,1,0
121,,Bianka,43.31336444749833,-1.937830293259615,1,0
242,,Unibertsitatea Elhuyar,43.30834683837226,-2.010888230289018,1,0
364,,Añorga II,43.2856091887163,-1.9993378120690442,1,0
122,,Lauaizeta 33,43.313021200223034,-1.9357769600532393,1,0
365,,Añorgatxiki II,43.289207265122315,-1.9978859381898042,1,0
123,,Altza 55,43.31413485892558,-1.9344997182295522,1,0
244,,Berio 22,43.30690428032837,-2.015892939046819,1,0
124,,Larratxo 94,43.316542246072906,-1.9338780507120954,1,0
125,,Arriberri,43.31788803960121,-1.9295012551581587,1,0
246,,Aspace,43.30527386464307,-2.016868626971904,1,0
126,,Arria Parkea,43.31856994014062,-1.9311664793334606,1,0
369,,Zarategi 71,43.31632111861851,-1.9538102317569497,1,0
127,,Pikabea,43.31924358602259,-1.9338801448197842,1,0
248,,Berio 78,43.303413999719794,-2.0152464770341956,1,0
128,,RENFE Herrera,43.31935250491134,-1.9368750350742725,1,0
129,,Herrera,43.31985904576329,-1.9390614036337,1,0
20,,Kartzela,43.30206306393362,-1.9573096331577182,1,0
21,,Antzieta 31,43.3037597048193,-1.9606958608110132,1,0
22,,Txomin Enea,43.30475686947417,-1.96341603008229,1,0
23,,Patxillardegi,43.30848590384218,-1.9665338724847492,1,0
24,,Loiola-Topo,43.31035977753273,-1.967636541717794,1,0
27,,Madrid 5,43.30510526010392,-1.9771083130326177,1,0
28,,Antso Jakituna / Sancho Sabio 35,43.30821501210511,-1.9794852201463289,1,0
29,,Antso Jakituna / Sancho Sabio 11,43.31037059749374,-1.9798807252101462,1,0
130,,Gaiztarro,43.32078379601846,-1.9436331051370692,1,0
494,,Euskadi plaza,43.321134135306515,-1.977221733280708,1,0
131,,Mirakruzgaña / Alto Miracruz II,43.32137560307753,-1.9502086197913793,1,0
373,,Berio 118,43.303217162918806,-2.0112179916538118,1,0
132,,Ulia,43.3215045843995,-1.9534746248075887,1,0
133,,Toki Eder,43.321782209573485,-1.9592293633244517,1,0
375,,Aizkorri,43.30895089962061,-2.003714470545748,1,0
134,,Jesuitak,43.323306138448636,-1.9674173206372427,1,0
497,,Errondogaña / Alto Errondo 49,43.30194929349632,-1.9836832615718776,1,0
135,,Mariaren Bihotza,43.3259392475332,-1.9708385224876448,1,0
498,,Loiola - Parking,43.31145537714934,-1.9693073287983902,1,0
136,,Kursaal,43.32474126982157,-1.9768158719741051,1,0
137,,Escalerillas,43.32124334719368,-1.9310702783021352,1,0
138,,Pasaiako Portua - Escalerillas,43.321355760880124,-1.9315369572126735,1,0
139,,Casares 57,43.32114671580084,-1.9236475967588118,1,0
30,,Easo plaza,43.31378047044341,-1.98158707097187,1,0
32,,Okendo 11,43.32064848835008,-1.980313071054246,1,0
34,,Boulevard 17,43.32211224231347,-1.983914507303937,1,0
35,,Urbieta 20,43.31726893369526,-1.983020987843707,1,0
36,,Zubieta-San Martin,43.3154969515851,-1.9872926535856104,1,0
37,,Okendo 5,43.32091111623644,-1.9804813378479411,1,0
38,,Loiola Parking II,43.31124797375026,-1.9692738414548965,1,0
39,,Zubieta plaza,43.31571335328243,-1.987326054858847,1,0
380,,Katalina Eleizegi 13,43.304723406519116,-1.987829087891898,1,0
140,,Buenavista Casares,43.32095667247613,-1.922590330327491,1,0
141,,Casares 69,43.320169534928695,-1.9260203854641595,1,0
142,,Darieta,43.32035709052807,-1.9258567565022098,1,0
143,,Casares 42,43.3197380231819,-1.9299374101008062,1,0
144,,Oleta,43.31970709103797,-1.9295186459799571,1,0
145,,Arrizar,43.318439408791164,-1.92876396850772,1,0
269,,Zarautz 122,43.30269863169691,-2.003348077039099,1,0
40,,Ondarreta,43.315125550871855,-2.0003457050847513,1,0
41,,Esklabak,43.314452654671115,-2.002687392179626,1,0
42,,Zumalakarregi 21,43.31345216372284,-2.004639770592496,1,0
43,,Majisteritza,43.31169921224482,-2.008084056756131,1,0
44,,Unibertsitatea Tol.77,43.30749922721909,-2.0086702258794626,1,0
45,,Tolosa 111,43.30523839896318,-2.0065122905616497,1,0
46,,Amerika Plaza,43.30235051595049,-2.003698978134939,1,0
394,,Etxadi parkea,43.30109116595493,-1.9884564770093986,1,0
274,,Mikeleteak 1,43.31375265586176,-1.9998626248737414,1,0
276,,Jauregi / Palacio,43.31080857469663,-1.9988751213966243,1,0
399,,Barcelona 35,43.311047531787565,-1.9720146706233042,1,0
158,,Elosegi 102,43.3211654380578,-1.9449831066067003,1,0
279,,Infernua,43.29888657844741,-2.0009200196713306,1,0
159,,Elosegi 283,43.32134606602541,-1.9450416452146286,1,0
50,,Tolosa 138,43.302336481971835,-2.0041553826966667,1,0
51,,Zarautz 90,43.305269589398556,-2.004921256767726,1,0
52,,Resurrección Mª de Azkue 32,43.30825604965668,-2.0076838344812598,1,0
53,,Resurrección Mª de Azkue,43.31058979240417,-2.007867816800331,1,0
54,,Bentaberri,43.312319269882686,-2.0048308966412143,1,0
55,,Matia,43.31422754331628,-2.001655230516928,1,0
56,,Boulevard 15,43.32222709081435,-1.9836659314405387,1,0
58,,Zubiaurre 64,43.320040256396496,-1.9538450747504892,1,0
59,,Txomiñeneko Anbulatorioa,43.30505481281148,-1.9625109059218493,1,0
160,,Juan XXIII 2,43.32223680158273,-1.942041626936738,1,0
281,,Ibaeta - Tolosa,43.303766483918245,-2.0070664247842163,1,0
161,,Juan XXIII 1,43.322031216515,-1.942205524145936,1,0
162,,Bidebietako Anbulatorioa,43.323346415187416,-1.9403203745060733,1,0
163,,Julio Urkixo 38,43.32367430708254,-1.9416960114981652,1,0
284,,Barcelona 15,43.30917378797667,-1.971922948514405,1,0
164,,Serapio Mujika 29,43.323089891639995,-1.9456897962517667,1,0
286,,Matigotxotegi,43.3183908081651,-1.9635542327043476,1,0
287,,Errekalde II,43.277768960210395,-2.009991095273322,1,0
288,,Karmengo Andre Maria 3,43.316549614472514,-1.9720575656821226,1,0
61,,Arbós Musikaria / M. Arbós Z.10,43.3212618474402,-1.9653923549503372,1,0
63,,Renfe - Zubiaurre 27,43.32025017389026,-1.9610684208405025,1,0
65,,Zarategi 8,43.31854238589704,-1.958433738492208,1,0
66,,Gaztelu,43.318351769191494,-1.9562911760257917,1,0
67,,Lafont,43.31763431479129,-1.953652045925993,1,0
68,,Basotxiki,43.3171636120237,-1.9514156904362665,1,0
69,,Julimasene,43.31737593272411,-1.9470834745292296,1,0
291,,Londaitz,43.31402206815874,-1.9895368037368992,1,0
292,,La Cumbre,43.31061740508504,-1.9904440359559101,1,0
293,,Muntoalde,43.308255697692026,-1.9921970339092947,1,0
294,,Munto,43.30704603261131,-1.9928705117444399,1,0
295,,Aiete jauregia I / Palacio Aiete I,43.30438533430084,-1.9923719442578627,1,0
296,,Berabera-Etxadi,43.30273839945599,-1.9914498036259238,1,0
297,,Easo 27,43.31658963240591,-1.9835872551601947,1,0
298,,Mirakontxa,43.314334752849646,-1.9923185384959088,1,0
299,,Miramar jauregia/ Palacio Miramar,43.31429666569916,-1.9961789211837024,1,0
70,,Zubiaurre 117,43.31844436716039,-1.9487052205537465,1,0
71,,Zubiaurre 70,43.31977255513563,-1.9511611662537467,1,0
72,,Zabaltoki,43.32010643504637,-1.9541892532552667,1,0
73,,Zubiaurre 39,43.320202549305776,-1.9578134083529806,1,0
77,,Askatasuna / Libertad 6,43.32050004061395,-1.9798222446350238,1,0
78,,Elosegi 22,43.321547153930446,-1.9571491095611857,1,0
79,,Boulevard 13,43.322314929557145,-1.9834178050405529,1,0
80,,Askatasuna / Libertad 15,43.319844916467645,-1.9810787995044232,1,0
81,,Epaitegiak / Juzgados,43.319785288738075,-1.9744078666058733,1,0
82,,Tabakalera,43.3173050897579,-1.974967533126236,1,0
83,,Egia 24,43.31636398538649,-1.9724429837945323,1,0
84,,Ametzagaña 14,43.31637491715014,-1.9706546747463864,1,0
85,,María Reina,43.31758377485506,-1.9679088640433444,1,0
86,,Polloe - Ametzagaña 58,43.31814237078753,-1.9659509126500483,1,0
87,,Tolaregoia,43.31560802461794,-1.9645017511064204,1,0
88,,Beharko,43.313737410275,-1.9607847828423723,1,0
89,,Galizia 18,43.31380388407612,-1.9581940617964142,1,0
199,,Anoeta,43.30279192854407,-1.9751867680781552,1,0
90,,Galizia 28,43.3125195107055,-1.9555894768354525,1,0
91,,Buztintxulo,43.311133110832046,-1.9526661512222798,1,0
92,,Baratzategi 21,43.312625914704654,-1.9524555467753204,1,0
93,,Txara II,43.31403426706996,-1.955810162078006,1,0
94,,Elosegi 43,43.321660931500105,-1.9567895073851787,1,0
95,,Mons 77,43.31653912773196,-1.9559892418566849,1,0
96,,Dbus Kotxerak,43.31847440794049,-1.9618509516933464,1,0
97,,Karmengo Andre Maria 65,43.31890453194687,-1.9665916039137756,1,0
98,,Karmengo Andre Maria 43,43.31790800102528,-1.9689146165436833,1,0
